Architecture : H-shaped Melt
K            : 1.566561
n            : 0.575288
